1
2
3
4
13
14
15
37
43
47
48
60
61
62
65
67
68
69
70
71
72
73
74
75
76
78
81
84
85
87
89
90
132
133
137
138
139
140
141
194
197
198
199
200
203
203
204
205
205
205
207
210
213
214
219
220
222
229
230
231
231
233
241
241
242
243
244
247
248
249
251
252
253
254
255
256
257
258
259
260
261
262
263
265
266
267
268
269
269
270
271
272
273
274
276
277
279
280
281
285
290
292
293
297
298
299
301
302
303
304
305
306
307
308
309
310
311
312
313
316
317
318
320
321
322
324
325
326
329
331
332
334
335
336
338
339
340
343
345
346
348
349
350
351
353
354
354
355
357
358
359
365
366
367
368
369
370
371
372
372
374
375
376
377
378
382
383
383
384
385
388
388
400
402
415
418
418
419
420
421
422
422
423
424
437
442
458
460
461
463
464
464
467
470
471
472
473
474
475
476
478
492
498
499
501
502
503
504
505
506
511
512
513
514
515
517
518
521
522
522
524
526
527
528
528
530
530
531
531
533
539
540
543
544
546
547
548
630
658
674
675
678
679
680
690
691
693
695
698
724
725
729
729
731
733
736
740
743
745
746
748
748
749
750
752
753
754
755
756
757
758
759
760
761
762
763
764
765
766
766
770
770
774
778
780
781
782
800
800
801
805
805
814
817
818
821
822
823
824
825
826
827
828
829
830
832
834
835
837
838
839
840
841
842
843
844
845
846
847
848
850
851
852
853
854
855
856
857
858
859
860
861
862
863
864
865
869
872
875
880
881
882
883
884
886
894
895
895
900
905
905
913
914
915
916
919
920
932
935
964
965
966
967
968
973
976
979
981
982
983
984
984
985
986
994
996
997
1048
1049
1072
1073
1074
1082
1083
1084
1086
1087
1088
1089
1094
1095
1096
1097
1132
1136
1138
1141
1142
1145
1146
1152
1152
1154
1154
1155
1162
1163
1164
1165
1166
1167
1168
1169
1171
1172
1173
1174
1175
1176
1177
1179
1180
1222
1251
1256
1257
1261
1288
1291
1292
1293
1296
1297
1301
1302
1303
1304
1304
1305
1306
1307
1309
1310
1312
1316
1317
1318
1319
1320
1321
1322
1324
1325
1330
1331
1332
1343
1344
1345
1345
1346
1351
1352
1353
1354
1365
1367
1370
1373
1374
1375
1376
1377
1379
1380
1381
1382
1383
1384
1385
1386
1387
1388
1389
1390
1390
1391
1392
1392
1393
1394
1395
1396
1397
1398
1399
1400
1401
1402
1403
1404
1405
1407
1408
1409
1410
1411
1412
1413
1414
1415
1416
1417
1418
1419
1419
1420
1421
1423
1424
1425
1426
1427
1429
1430
1431
1432
1433
1434
1435
1436
1437
1438
1439
1440
1441
1442
1443
1445
1446
1447
1448
1449
1450
1451
1453
1455
1456
1457
1458
1459
1460
1461
1462
1463
1464
1479
1480
1481
1482
1484
1485
1487
1493
1494
1495
1496
1497
1498
1499
1501
1531
1536
1538
1540
1541
1542
1543
1565
1566
1567
1569
1570
1571
1604
1606
1608
1609
1610
1611
1613
1616
1617
1617
1619
1620
1621
1622
1623
1626
1627
1628
1629
1630
1631
1632
1634
1635
1636
1637
1638
1639
1640
1641
1642
1643
1644
1645
1646
1647
1648
1649
1650
1651
1653
1654
1655
1656
1657
1658
1659
1660
1661
1662
1663
1664
1665
1666
1667
1668
1669
1670
1671
1672
1673
1675
1676
1678
1679
1684
1685
1686
1687
1688
1689
1691
1693
1694
1695
1696
1700
1701
1704
1705
1706
1709
1723
1725
1726
1728
1730
1731
1733
1734
1735
1736
1737
1746
1751
1752
1753
1755
1756
1757
1770
1771
1772
1773
1774
1775
1776
1783
1784
1785
1788
1792
1833
1834
1849
1851
1868
1870
1871
1872
1873
1874
1875
1876
1877
1879
1884
1887
1888
1892
1893
1894
1907
1908
1909
1914
1919
1923
1928
1931
1932
1934
1954
1955
1956
1957
1958
1972
1973
1974
1983
1999
2000
2001
2003
2004
2029
2030
2036
2037
2038
2039
2044
2048
2049
2050
2051
2057
2059
2060
2061
2063
2079
2083
2084
2087
2088
2090
2091
2096
2098
2100
2111
2113
2117
2118
2119
2120
2121
2122
2123
2124
2125
2126
2127
2128
2128
2129
2130
2131
2132
2134
2135
2135
2136
2137
2138
2139
2140
2141
2149
2150
2156
2157
2161
2162
2163
2164
2165
2168
2169
2171
2178
2179
2182
2183
2184
2185
2186
2187
2188
2190
2191
2192
2193
2194
2195
2196
2198
2198
2199
2200
2201
2201
2202
2203
2204
2205
2206
2208
2209
2210
2211
2212
2213
2214
2215
2216
2217
2218
2219
2220
2222
2223
2224
2225
2226
2227
2228
2229
2230
2231
2232
2233
2234
2235
2236
2237
2238
2239
2240
2241
2243
2244
2253
2254
2255
2258
2264
2267
2268
2269
2270
2272
2276
2280
2281
2285
2291
2292
2295
2297
2298
2304
2305
2307
2308
2309
2322
2323
2325
2326
2328
2329
2330
2332
2333
2334
2336
2344
2345
2347
2348
2351
2352
2354
2355
2360
2392
2396
2398
2399
2400
2409
2410
2414
2415
2424
2426
2428
2429
2431
2432
2434
2435
2436
2439
2447
2448
2449
2451
2454
2455
2457
2461
2463
2464
2468
2469
2470
2472
2476
2477
2479
2482
2483
2484
2491
2492
2493
2494
2497
2498
2499
2508
2509
2510
2511
2512
2513
2514
2515
2516
2517
2520
2521
2528
2529
2530
2531
2534
2535
2536
2537
2539
2541
2543
2544
2553
2557
2562
2562
2563
2565
2567
2571
2573
2575
2576
2578
2582
2587
2588
2589
2590
2591
2592
2593
2616
2618
2624
2625
2626
2627
2628
2630
2632
2633
2634
2636
2637
2638
2639
2641
2663
2687
2688
