334
343
331
325
984
324
984
780
774
847
848
857
276
299
273
261
260
267
269
269
194
2592
204
139
198
2178
72
2187
222
220
353
695
698
473
544
546
680
2212
1345
203
850
1955
2157
1448
2134
249
2128
1725
883
1136
2179
1416
2126
2493
368
442
458
743
1833
2258
764
658
1345
1435
1086
2517
746
2537
502
2515
2113
2536
203
2541
2400
2508
2483
2562
2136
513
1876
1686
2125
37
2497
1083
2553
1088
511
2128
2544
2454
2562
2616
137
2641
2220
2127
1851
1868
2131
1434
526
2510
540
400
420
731
2627
749
766
766
748
748
729
729
2588
1177
1174
1166
1222
1292
1142
1145
1402
1380
1387
1382
1367
1628
1542
1407
1405
1391
1343
1352
1330
1257
1306
1256
1251
1324
1321
1310
1874
1325
1305
1316
1318
1312
372
372
322
345
348
316
309
312
856
855
778
835
805
805
1771
860
2516
2255
265
268
266
2240
2436
2333
2543
2253
2231
2409
2348
2464
2455
14
2269
2276
967
675
359
351
418
378
472
1888
1909
2625
62
70
200
141
2138
2139
87
13
1
4
415
418
531
531
505
501
498
475
492
1932
521
1704
1689
474
753
750
854
745
765
385
47
981
985
994
1171
1167
1165
1152
1152
886
895
895
932
905
905
1770
1695
2004
1731
1413
1365
1425
1426
1395
1379
1655
1659
1660
1657
1632
1626
1571
1617
1617
1437
1432
1419
1419
1344
1679
1678
1302
1322
1440
1138
2124
1291
530
530
997
252
1999
2100
244
851
852
817
827
832
822
821
678
800
800
861
1390
259
65
1390
73
274
2218
140
197
241
241
358
422
422
2429
471
470
354
354
528
528
679
691
690
464
464
2135
2135
1734
1154
1746
81
1919
2360
503
1694
2447
2399
1154
770
2468
736
770
2424
1332
369
725
724
375
2190
2298
2199
2171
2213
543
2162
1455
1049
1096
1048
979
2063
2060
872
875
1772
1872
1442
1438
1650
1676
1481
1653
1383
1370
1421
1482
1493
1536
1392
1392
1499
1296
1303
1304
1304
1317
1873
2210
60
76
2209
383
254
320
253
251
2227
243
2219
982
539
307
207
388
306
801
2198
388
229
205
2203
231
205
2201
231
205
2201
2472
2198
2305
1447
2520
2285
2291
377
383
838
263
262
280
2229
419
421
1775
2426
2087
522
1931
1398
2268
2003
522
476
1667
1643
1480
1654
1700
1693
1346
1393
1374
1301
1297
1293
781
214
219
2132
1954
2156
884
2492
2557
763
1087
1531
2484
2499
1636
1543
1409
1319
332
335
374
339
340
355
996
310
311
313
305
308
317
318
321
782
2582
255
256
257
258
270
271
272
279
281
213
277
285
290
292
199
71
61
74
75
230
2165
210
349
350
357
365
693
547
548
2
3
15
326
329
336
338
346
293
983
2587
297
298
301
302
303
2182
2184
2186
2188
2593
43
48
67
68
69
733
2589
1162
1168
1169
1172
1173
2048
1394
1396
1397
1423
1424
1381
1375
1376
1377
1384
1385
1386
1388
1389
1619
1620
1627
1630
1631
1373
1484
1487
1494
1495
1399
1400
1403
1404
1331
1351
1353
1354
304
2591
2626
2632
2636
2628
78
84
85
89
90
1176
1412
1427
1429
2576
1401
1621
1622
1623
1629
1496
1497
1498
1501
1538
1309
1261
1288
1307
132
133
138
233
242
247
248
366
367
370
1634
1635
1637
1638
1639
1640
1641
1642
1644
1645
1540
1541
1565
1566
1567
1569
1570
1604
1606
1608
371
376
382
384
402
423
424
437
460
461
463
467
478
499
504
506
512
514
515
517
1646
1647
1648
1649
1651
1656
1658
1661
1662
1663
1664
1665
1666
1668
1669
1670
1671
1672
1673
1675
1609
1610
1611
1613
1616
518
524
527
533
630
674
740
752
754
755
756
757
758
759
760
761
762
814
818
823
2575
824
825
826
828
829
830
834
837
839
840
841
842
843
844
845
846
853
858
859
862
863
864
865
869
880
881
882
894
900
913
914
915
916
919
920
935
964
965
966
968
973
976
986
1072
1073
1074
1082
1084
1089
1094
1095
1097
1132
1141
1146
1155
1163
1164
1175
1179
1180
1320
1408
1410
1411
1414
1415
1417
1418
1420
1430
1431
1433
1436
1439
1441
1443
1445
1446
1449
1450
1451
1453
1456
1457
1458
1459
1460
1461
1462
1463
1464
1479
1485
1684
1685
1687
1688
1691
1696
1701
1705
1706
1709
1723
1726
1728
1730
1733
1735
1736
1737
1751
1752
1753
1755
1756
1757
1773
1774
1776
1783
1784
1785
1788
1792
1834
1849
1870
1871
1875
1877
1879
1884
1887
1892
1893
1894
1907
1908
1914
1923
1928
1934
1956
1957
1958
1972
1973
1974
1983
2000
2001
2029
2030
2036
2037
2038
2039
2044
2049
2050
2051
2057
2059
2061
2079
2083
2084
2088
2090
2091
2096
2098
2111
2117
2118
2119
2120
2121
2122
2123
2129
2130
2137
2140
2141
2149
2150
2161
2163
2164
2168
2169
2183
2185
2191
2192
2193
2194
2195
2196
2200
2202
2204
2205
2206
2208
2211
2214
2215
2216
2217
2222
2223
2224
2225
2226
2228
2230
2232
2233
2234
2235
2236
2237
2238
2239
2241
2243
2254
2264
2267
2270
2272
2280
2281
2292
2295
2297
2304
2307
2308
2309
2322
2323
2325
2326
2328
2329
2330
2332
2334
2336
2344
2345
2347
2351
2352
2354
2355
2392
2396
2398
2410
2414
2415
2428
2431
2432
2434
2435
2439
2448
2449
2451
2457
2461
2463
2469
2470
2476
2477
2479
2482
2491
2494
2498
2509
2511
2512
2513
2514
2521
2528
2529
2530
2531
2534
2535
2539
2563
2565
2567
2571
2573
2578
2590
2618
2624
2630
2633
2634
2637
2638
2639
2663
2687
2688
