334
343
331
325
984
324
984
780
774
847
848
857
276
299
273
261
260
267
269
269
194
2592
204
139
198
2178
72
2187
222
220
353
695
698
473
544
546
680
2212
1345
203
850
1955
2157
1448
2134
249
2128
1725
883
1136
2179
1416
2126
2493
368
442
458
743
1833
2258
764
658
1345
1435
1086
2517
746
2537
502
2515
2113
2536
203
2541
2400
2508
2483
2562
2136
513
1876
1686
2125
37
2497
1083
2553
1088
511
2128
2544
2454
2562
2616
137
2641
2220
2127
1851
1868
2131
1434
526
2510
540
400
420
731
2627
749
766
766
748
748
729
729
2588
1177
1174
1166
1222
1292
1142
1145
1402
1380
1387
1382
1367
1628
1542
1407
1405
1391
1343
1352
1330
1257
1306
1256
1251
1324
1321
1310
1874
1325
1305
1316
1318
1312
372
372
322
345
348
316
309
312
856
855
778
835
805
805
1771
860
2516
2255
265
268
266
2240
2436
2333
2543
2253
2231
2409
2348
2464
2455
14
2269
2276
967
675
359
351
418
378
472
1888
1909
2625
62
70
200
141
2138
2139
87
13
1
4
415
418
531
531
505
501
498
475
492
1932
521
1704
1689
474
753
750
854
745
765
385
47
981
985
994
1171
1167
1165
1152
1152
886
895
895
932
905
905
1770
1695
2004
1731
1413
1365
1425
1426
1395
1379
1655
1659
1660
1657
1632
1626
1571
1617
1617
1437
1432
1419
1419
1344
1679
1678
1302
1322
1440
1138
2124
1291
530
530
997
252
1999
2100
244
851
852
817
827
832
822
821
678
800
800
861
1390
259
65
1390
73
274
2218
140
197
241
241
358
422
422
2429
471
470
354
354
528
528
679
691
690
464
464
2135
2135
1734
1154
1746
81
1919
2360
503
1694
2447
2399
1154
770
2468
736
770
2424
1332
369
725
724
375
2190
2298
2199
2171
2213
543
2162
1455
1049
1096
1048
979
2063
2060
872
875
1772
1872
1442
1438
1650
1676
1481
1653
1383
1370
1421
1482
1493
1536
1392
1392
1499
1296
1303
1304
1304
1317
1873
2210
60
76
2209
383
254
320
253
251
2227
243
2219
982
539
307
207
388
306
801
2198
388
229
205
2203
231
205
2201
231
205
2201
2472
2198
2305
1447
2520
2285
2291
377
383
838
263
262
280
2229
419
421
1775
2426
2087
522
1931
1398
2268
2003
522
476
1667
1643
1480
1654
1700
1693
1346
1393
1374
1301
1297
1293
781
214
219
2132
1954
2156
884
2492
2557
763
1087
1531
2484
2499
1636
1543
1409
1319
